0.0000000000 0.0000000000
0.0000000000 0.0000000000
0.7071067691 0.0000000000
1.0000000000 0.0000000000
0.7071067691 0.7071067691
0.0000000000 1.0000000000
-0.7071067691 0.7071067691
-1.0000000000 0.0000000000
-0.7071067691 0.7071067691
0.0000000000 1.0000000000
0.7071067691 0.7071067691
1.0000000000 0.0000000000
0.7071067691 -0.7071067691
0.0000000000 -1.0000000000
-0.7071067691 -0.7071067691
-1.0000000000 0.0000000000
-0.7071067691 0.7071067691
0.0000000000 1.0000000000
0.7071067691 0.7071067691
1.0000000000 0.0000000000
0.7071067691 0.7071067691
0.0000000000 1.0000000000
-0.7071067691 0.7071067691
-1.0000000000 0.0000000000
-0.7071067691 -0.7071067691
0.0000000000 -1.0000000000
-0.7071067691 -0.7071067691
-1.0000000000 0.0000000000
-0.7071067691 -0.7071067691
0.0000000000 -1.0000000000
0.7071067691 -0.7071067691
1.0000000000 0.0000000000
0.7071067691 0.7071067691
0.0000000000 1.0000000000
-0.7071067691 0.7071067691
-1.0000000000 0.0000000000
-0.7071067691 0.7071067691
0.0000000000 1.0000000000
-0.7071067691 0.7071067691
-1.0000000000 0.0000000000
-0.7071067691 0.7071067691
0.0000000000 1.0000000000
-0.7071067691 0.7071067691
-1.0000000000 0.0000000000
-0.7071067691 -0.7071067691
0.0000000000 -1.0000000000
0.7071067691 -0.7071067691
1.0000000000 0.0000000000
0.7071067691 -0.7071067691
0.0000000000 -1.0000000000
-0.7071067691 -0.7071067691
-1.0000000000 0.0000000000
-0.7071067691 -0.7071067691
0.0000000000 -1.0000000000
0.7071067691 -0.7071067691
1.0000000000 0.0000000000
0.7071067691 -0.7071067691
0.0000000000 -1.0000000000
0.7071067691 -0.7071067691
1.0000000000 0.0000000000
0.7071067691 0.7071067691
0.0000000000 1.0000000000
0.7071067691 0.7071067691
1.0000000000 0.0000000000
0.7071067691 -0.7071067691
0.0000000000 -1.0000000000
0.7071067691 -0.7071067691
1.0000000000 0.0000000000
0.7071067691 0.7071067691
0.0000000000 1.0000000000
-0.7071067691 0.7071067691
-1.0000000000 0.0000000000
-0.7071067691 0.7071067691
0.0000000000 1.0000000000
0.7071067691 0.7071067691
1.0000000000 0.0000000000
0.7071067691 -0.7071067691
0.0000000000 -1.0000000000
-0.7071067691 -0.7071067691
-1.0000000000 0.0000000000
-0.7071067691 0.7071067691
0.0000000000 1.0000000000
0.7071067691 0.7071067691
1.0000000000 0.0000000000
0.7071067691 0.7071067691
0.0000000000 1.0000000000
-0.7071067691 0.7071067691
-1.0000000000 0.0000000000
-0.7071067691 -0.7071067691
0.0000000000 -1.0000000000
-0.7071067691 -0.7071067691
-1.0000000000 0.0000000000
-0.7071067691 -0.7071067691
0.0000000000 -1.0000000000
0.7071067691 -0.7071067691
1.0000000000 0.0000000000
0.7071067691 0.7071067691
0.0000000000 1.0000000000
-0.7071067691 0.7071067691
-1.0000000000 0.0000000000
-0.7071067691 0.7071067691
0.0000000000 1.0000000000
-0.7071067691 0.7071067691
-1.0000000000 0.0000000000
-0.7071067691 0.7071067691
0.0000000000 1.0000000000
-0.7071067691 0.7071067691
-1.0000000000 0.0000000000
-0.7071067691 -0.7071067691
0.0000000000 -1.0000000000
0.7071067691 -0.7071067691
1.0000000000 0.0000000000
0.7071067691 -0.7071067691
0.0000000000 -1.0000000000
-0.7071067691 -0.7071067691
-1.0000000000 0.0000000000
-0.7071067691 -0.7071067691
0.0000000000 -1.0000000000
0.7071067691 -0.7071067691
1.0000000000 0.0000000000
0.7071067691 -0.7071067691
0.0000000000 -1.0000000000
0.7071067691 -0.7071067691
1.0000000000 0.0000000000
0.7071067691 0.7071067691
0.0000000000 1.0000000000
0.7071067691 0.7071067691
1.0000000000 0.0000000000
0.7071067691 -0.7071067691
0.0000000000 -1.0000000000
0.7071067691 -0.7071067691
1.0000000000 0.0000000000
0.7071067691 -0.7071067691
0.0000000000 -1.0000000000
-0.7071067691 -0.7071067691
-1.0000000000 0.0000000000
-0.7071067691 0.7071067691
0.0000000000 1.0000000000
0.7071067691 0.7071067691
1.0000000000 0.0000000000
0.7071067691 0.7071067691
0.0000000000 1.0000000000
-0.7071067691 0.7071067691
-1.0000000000 0.0000000000
-0.7071067691 -0.7071067691
0.0000000000 -1.0000000000
-0.7071067691 -0.7071067691
-1.0000000000 0.0000000000
-0.7071067691 -0.7071067691
0.0000000000 -1.0000000000
0.7071067691 -0.7071067691
1.0000000000 0.0000000000
0.7071067691 0.7071067691
0.0000000000 1.0000000000
-0.7071067691 0.7071067691
-1.0000000000 0.0000000000
-0.7071067691 0.7071067691
0.0000000000 1.0000000000
-0.7071067691 0.7071067691
-1.0000000000 0.0000000000
-0.7071067691 0.7071067691
0.0000000000 1.0000000000
-0.7071067691 0.7071067691
-1.0000000000 0.0000000000
-0.7071067691 -0.7071067691
0.0000000000 -1.0000000000
0.7071067691 -0.7071067691
1.0000000000 0.0000000000
0.7071067691 -0.7071067691
0.0000000000 -1.0000000000
-0.7071067691 -0.7071067691
-1.0000000000 0.0000000000
-0.7071067691 -0.7071067691
0.0000000000 -1.0000000000
0.7071067691 -0.7071067691
1.0000000000 0.0000000000
0.7071067691 -0.7071067691
0.0000000000 -1.0000000000
0.7071067691 -0.7071067691
1.0000000000 0.0000000000
0.7071067691 0.7071067691
0.0000000000 1.0000000000
0.7071067691 0.7071067691
1.0000000000 0.0000000000
0.7071067691 -0.7071067691
0.0000000000 -1.0000000000
0.7071067691 -0.7071067691
1.0000000000 0.0000000000
0.7071067691 0.7071067691
0.0000000000 1.0000000000
-0.7071067691 0.7071067691
-1.0000000000 0.0000000000
-0.7071067691 0.7071067691
0.0000000000 1.0000000000
-0.7071067691 0.7071067691
-1.0000000000 0.0000000000
-0.7071067691 0.7071067691
0.0000000000 1.0000000000
0.7071067691 0.7071067691
1.0000000000 0.0000000000
0.7071067691 0.7071067691
0.0000000000 1.0000000000
0.7071067691 0.7071067691
1.0000000000 0.0000000000
0.7071067691 -0.7071067691
0.0000000000 -1.0000000000
0.7071067691 -0.7071067691
1.0000000000 0.0000000000
0.7071067691 0.7071067691
0.0000000000 1.0000000000
0.7071067691 0.7071067691
1.0000000000 0.0000000000
0.7071067691 -0.7071067691
0.0000000000 -1.0000000000
-0.7071067691 -0.7071067691
-1.0000000000 0.0000000000
-0.7071067691 -0.7071067691
0.0000000000 -1.0000000000
0.7071067691 -0.7071067691
1.0000000000 0.0000000000
0.7071067691 0.7071067691
0.0000000000 1.0000000000
-0.7071067691 0.7071067691
-1.0000000000 0.0000000000
-0.7071067691 -0.7071067691
0.0000000000 -1.0000000000
0.7071067691 -0.7071067691
1.0000000000 0.0000000000
0.7071067691 -0.7071067691
0.0000000000 -1.0000000000
-0.7071067691 -0.7071067691
-1.0000000000 0.0000000000
-0.7071067691 0.7071067691
0.0000000000 1.0000000000
-0.7071067691 0.7071067691
-1.0000000000 0.0000000000
-0.7071067691 0.7071067691
0.0000000000 1.0000000000
0.7071067691 0.7071067691
1.0000000000 0.0000000000
0.7071067691 -0.7071067691
0.0000000000 -1.0000000000
-0.7071067691 -0.7071067691
-1.0000000000 0.0000000000
-0.7071067691 -0.7071067691
0.0000000000 -1.0000000000
-0.7071067691 -0.7071067691
-1.0000000000 0.0000000000
-0.7071067691 -0.7071067691
0.0000000000 -1.0000000000
-0.7071067691 -0.7071067691
-1.0000000000 0.0000000000
-0.7071067691 0.7071067691
0.0000000000 1.0000000000
0.7071067691 0.7071067691
1.0000000000 0.0000000000
